1.0 0.0 0.5
0.9 0.0 0
0.8 0.0 0
0.7 0.0 0
0.6 0.0 0
0.5 0.0 0
0.4 0.0 0
0.30000000000000004 0.0 0
0.19999999999999996 0.0 0
0.09999999999999998 0.0 0
0.0 0.0 0

1.0 0.1 1
0.9 0.1 0.5388848112410083
0.8 0.1 0.32995767954862404
0.7 0.1 0.2342696797072798
0.6 0.1 0.1784609433243443
0.5 0.1 0.13933545189803537
0.4 0.1 0.10780538069898343
0.30000000000000004 0.1 0.07967599754162687
0.19999999999999996 0.1 0.052870797660469836
0.09999999999999998 0.1 0.026422684372111295
0.0 0.1 0

1.0 0.2 1
0.9 0.2 0.7835574123057261
0.8 0.2 0.5708357008970627
0.7 0.2 0.43478861085152776
0.6 0.2 0.34207920682078297
0.5 0.2 0.2717632924053781
0.4 0.2 0.21252522987331243
0.30000000000000004 0.2 0.1582008682826912
0.19999999999999996 0.2 0.10548748595549601
0.09999999999999998 0.2 0.05287079766046984
0.0 0.2 0

1.0 0.3 1
0.9 0.3 0.9156037529007539
0.8 0.3 0.7350277430870953
0.7 0.3 0.5946299940004506
0.6 0.3 0.48484277837310685
0.5 0.3 0.3939051975523634
0.4 0.3 0.31277719854972974
0.30000000000000004 0.3 0.2354022373569836
0.19999999999999996 0.3 0.1582008682826912
0.09999999999999998 0.3 0.07967599754162688
0.0 0.3 0

1.0 0.4 1
0.9 0.4 1.0088933789877272
0.8 0.4 0.8563541335125131
0.7 0.4 0.7238458865089814
0.6 0.4 0.6093107648585553
0.5 0.4 0.5067422270614006
0.4 0.4 0.409682145603734
0.30000000000000004 0.4 0.31277719854972963
0.19999999999999996 0.4 0.21252522987331243
0.09999999999999998 0.4 0.1078053806989834
0.0 0.4 0

1.0 0.5 1
0.9 0.5 1.0869841282337394
0.8 0.5 0.9560790074892733
0.7 0.5 0.8345020473020865
0.6 0.5 0.7217953405553044
0.5 0.5 0.6142731275723772
0.4 0.5 0.5067422270614005
0.30000000000000004 0.5 0.3939051975523634
0.19999999999999996 0.5 0.2717632924053781
0.09999999999999998 0.5 0.1393354518980353
0.0 0.5 0

1.0 0.6 1
0.9 0.6 1.159138007832492
0.8 0.6 1.0456481316394546
0.7 0.6 0.9357483149206742
0.6 0.6 0.828858333552349
0.5 0.6 0.7217953405553046
0.4 0.6 0.6093107648585553
0.30000000000000004 0.6 0.4848427783731068
0.19999999999999996 0.6 0.342079206820783
0.09999999999999998 0.6 0.1784609433243443
0.0 0.6 0

1.0 0.7 1
0.9 0.7 1.2295001999877215
0.8 0.7 1.1311429335503593
0.7 0.7 1.033541946966647
0.6 0.7 0.9357483149206742
0.5 0.7 0.8345020473020865
0.4 0.7 0.7238458865089814
0.30000000000000004 0.7 0.5946299940004506
0.19999999999999996 0.7 0.43478861085152776
0.09999999999999998 0.7 0.2342696797072798
0.0 0.7 0

1.0 0.8 1
0.9 0.8 1.2998497456073959
0.8 0.8 1.2155544637825133
0.7 0.8 1.1311429335503589
0.6 0.8 1.0456481316394544
0.5 0.8 0.9560790074892733
0.4 0.8 0.8563541335125129
0.30000000000000004 0.8 0.7350277430870953
0.19999999999999996 0.8 0.5708357008970626
0.09999999999999998 0.8 0.329957679548624
0.0 0.8 0

1.0 0.9 1
0.9 0.9 1.3706049447413347
0.8 0.9 1.2998497456073959
0.7 0.9 1.2295001999877213
0.6 0.9 1.159138007832492
0.5 0.9 1.0869841282337394
0.4 0.9 1.0088933789877268
0.30000000000000004 0.9 0.9156037529007539
0.19999999999999996 0.9 0.7835574123057258
0.09999999999999998 0.9 0.5388848112410082
0.0 0.9 0

1.0 1.0 1
0.9 1.0 1
0.8 1.0 1
0.7 1.0 1
0.6 1.0 1
0.5 1.0 1
0.4 1.0 1
0.30000000000000004 1.0 1
0.19999999999999996 1.0 1
0.09999999999999998 1.0 1
0.0 1.0 0.5

