0.0 1.0 0.5
0.0 0.9 0
0.0 0.8 0
0.0 0.7 0
0.0 0.6 0
0.0 0.5 0
0.0 0.3999999999999999 0
0.0 0.29999999999999993 0
0.0 0.19999999999999996 0
0.0 0.09999999999999998 0
0.0 0.0 0

0.1 1.0 1
0.1 0.9 0.5
0.1 0.8 0.30190304326700795
0.1 0.7 0.20761217306803187
0.1 0.6 0.15405948347005216
0.1 0.5 0.11829327173993912
0.1 0.3999999999999999 0.09071449750298546
0.1 0.29999999999999993 0.06680237125351471
0.1 0.19999999999999996 0.044299961431157546
0.1 0.09999999999999998 0.022149980715578773
0.1 0.0 0

0.2 1.0 1
0.2 0.9 0.698096956732992
0.2 0.8 0.5
0.2 0.7 0.37448616553506736
0.2 0.6 0.2903324890722376
0.2 0.5 0.2283991059867188
0.2 0.3999999999999999 0.17776234701848803
0.2 0.29999999999999993 0.13219502607991584
0.2 0.19999999999999996 0.0882474937555367
0.2 0.09999999999999998 0.044299961431157546
0.2 0.0 0

0.30000000000000004 1.0 1
0.30000000000000004 0.9 0.7923878269319681
0.30000000000000004 0.8 0.6255138344649326
0.30000000000000004 0.7 0.49999999999999994
0.30000000000000004 0.6 0.404385201297112
0.30000000000000004 0.5 0.32720831611621043
0.30000000000000004 0.3999999999999999 0.259740758504332
0.30000000000000004 0.29999999999999993 0.1959678922921239
0.30000000000000004 0.19999999999999996 0.13219502607991584
0.30000000000000004 0.09999999999999998 0.06680237125351471
0.30000000000000004 0.0 0

0.4 1.0 1
0.4 0.9 0.8459405165299478
0.4 0.8 0.7096675109277624
0.4 0.7 0.5956147987028879
0.4 0.6 0.5
0.4 0.5 0.416308198676679
0.4 0.3999999999999999 0.3380244785905055
0.4 0.29999999999999993 0.259740758504332
0.4 0.19999999999999996 0.17776234701848803
0.4 0.09999999999999998 0.09071449750298546
0.4 0.0 0

0.5 1.0 1
0.5 0.9 0.8817067282600608
0.5 0.8 0.7716008940132811
0.5 0.7 0.6727916838837894
0.5 0.6 0.5836918013233209
0.5 0.5 0.5
0.5 0.3999999999999999 0.416308198676679
0.5 0.29999999999999993 0.32720831611621043
0.5 0.19999999999999996 0.2283991059867188
0.5 0.09999999999999998 0.11829327173993912
0.5 0.0 0

0.6000000000000001 1.0 1
0.6000000000000001 0.9 0.9092855024970143
0.6000000000000001 0.8 0.8222376529815119
0.6000000000000001 0.7 0.7402592414956678
0.6000000000000001 0.6 0.6619755214094943
0.6000000000000001 0.5 0.5836918013233209
0.6000000000000001 0.3999999999999999 0.49999999999999994
0.6000000000000001 0.29999999999999993 0.40438520129711203
0.6000000000000001 0.19999999999999996 0.29033248907223763
0.6000000000000001 0.09999999999999998 0.15405948347005216
0.6000000000000001 0.0 0

0.7000000000000001 1.0 1
0.7000000000000001 0.9 0.9331976287464852
0.7000000000000001 0.8 0.8678049739200839
0.7000000000000001 0.7 0.8040321077078758
0.7000000000000001 0.6 0.7402592414956678
0.7000000000000001 0.5 0.6727916838837894
0.7000000000000001 0.3999999999999999 0.5956147987028879
0.7000000000000001 0.29999999999999993 0.5
0.7000000000000001 0.19999999999999996 0.3744861655350674
0.7000000000000001 0.09999999999999998 0.2076121730680319
0.7000000000000001 0.0 0

0.8 1.0 1
0.8 0.9 0.9557000385688423
0.8 0.8 0.9117525062444631
0.8 0.7 0.8678049739200839
0.8 0.6 0.8222376529815117
0.8 0.5 0.771600894013281
0.8 0.3999999999999999 0.7096675109277624
0.8 0.29999999999999993 0.6255138344649326
0.8 0.19999999999999996 0.5
0.8 0.09999999999999998 0.301903043267008
0.8 0.0 0

0.9 1.0 1
0.9 0.9 0.9778500192844212
0.9 0.8 0.9557000385688423
0.9 0.7 0.9331976287464852
0.9 0.6 0.9092855024970145
0.9 0.5 0.8817067282600608
0.9 0.3999999999999999 0.8459405165299478
0.9 0.29999999999999993 0.7923878269319681
0.9 0.19999999999999996 0.698096956732992
0.9 0.09999999999999998 0.5
0.9 0.0 0

1.0 1.0 1
1.0 0.9 1
1.0 0.8 1
1.0 0.7 1
1.0 0.6 1
1.0 0.5 1
1.0 0.3999999999999999 1
1.0 0.29999999999999993 1
1.0 0.19999999999999996 1
1.0 0.09999999999999998 1
1.0 0.0 0.5

